88.5000002692 0.0000000000 12.0000000000          
85.5000002444 5.1961524083 12.0000000000          
85.5000002444 5.1961524083 6.0000000000          
88.5000002692 0.0000000000 6.0000000000         

88.5000002692 0.0000000000 12.0000000000          
82.5000002692 -0.0000000287 12.0000000000          
82.5000002692 -0.0000000287 6.0000000000          
88.5000002692 0.0000000000 6.0000000000         

88.5000002692 0.0000000000 12.0000000000          
85.5000002941 -5.1961524371 12.0000000000          
85.5000002941 -5.1961524371 6.0000000000          
88.5000002692 0.0000000000 6.0000000000         

88.5000002692 0.0000000000 12.0000000000          
91.5000002941 -5.1961524083 12.0000000000          
91.5000002941 -5.1961524083 6.0000000000          
88.5000002692 0.0000000000 6.0000000000         

88.5000002692 0.0000000000 12.0000000000          
94.5000002692 0.0000000287 12.0000000000          
94.5000002692 0.0000000287 6.0000000000          
88.5000002692 0.0000000000 6.0000000000         

88.5000002692 0.0000000000 12.0000000000          
91.5000002444 5.1961524371 12.0000000000          
91.5000002444 5.1961524371 6.0000000000          
88.5000002692 0.0000000000 6.0000000000         

88.5000002692 0.0000000000 12.0000000000          
85.5000002444 5.1961524083 12.0000000000          
85.5000002444 5.1961524083 6.0000000000          
88.5000002692 0.0000000000 6.0000000000         

