32.7132034546 51.2132034471 11.0000000000          
35.4371464598 45.8671643054 11.0000000000          
35.4371464598 45.8671643054 5.0000000000          
32.7132034546 51.2132034471 5.0000000000         

32.7132034546 51.2132034471 11.0000000000          
38.7049806636 50.8991877171 11.0000000000          
38.7049806636 50.8991877171 5.0000000000          
32.7132034546 51.2132034471 5.0000000000         

32.7132034546 51.2132034471 11.0000000000          
35.9810376584 56.2452268589 11.0000000000          
35.9810376584 56.2452268589 5.0000000000          
32.7132034546 51.2132034471 5.0000000000         

32.7132034546 51.2132034471 11.0000000000          
29.9892604495 56.5592425888 11.0000000000          
29.9892604495 56.5592425888 5.0000000000          
32.7132034546 51.2132034471 5.0000000000         

32.7132034546 51.2132034471 11.0000000000          
26.7214262457 51.5272191770 11.0000000000          
26.7214262457 51.5272191770 5.0000000000          
32.7132034546 51.2132034471 5.0000000000         

32.7132034546 51.2132034471 11.0000000000          
29.4453692509 46.1811800353 11.0000000000          
29.4453692509 46.1811800353 5.0000000000          
32.7132034546 51.2132034471 5.0000000000         

32.7132034546 51.2132034471 11.0000000000          
35.4371464598 45.8671643054 11.0000000000          
35.4371464598 45.8671643054 5.0000000000          
32.7132034546 51.2132034471 5.0000000000         

