47.2574700467 150.1087073490 15.5000000000          
43.4007443345 145.5124407357 15.5000000000          
43.4007443345 145.5124407357 9.5000000000          
47.2574700467 150.1087073490 9.5000000000         

47.2574700467 150.1087073490 15.5000000000          
49.3095908403 144.4705516002 15.5000000000          
49.3095908403 144.4705516002 9.5000000000          
47.2574700467 150.1087073490 9.5000000000         

47.2574700467 150.1087073490 15.5000000000          
53.1663165525 149.0668182135 15.5000000000          
53.1663165525 149.0668182135 9.5000000000          
47.2574700467 150.1087073490 9.5000000000         

47.2574700467 150.1087073490 15.5000000000          
51.1141957589 154.7049739624 15.5000000000          
51.1141957589 154.7049739624 9.5000000000          
47.2574700467 150.1087073490 9.5000000000         

47.2574700467 150.1087073490 15.5000000000          
45.2053492531 155.7468630979 15.5000000000          
45.2053492531 155.7468630979 9.5000000000          
47.2574700467 150.1087073490 9.5000000000         

47.2574700467 150.1087073490 15.5000000000          
41.3486235409 151.1505964846 15.5000000000          
41.3486235409 151.1505964846 9.5000000000          
47.2574700467 150.1087073490 9.5000000000         

47.2574700467 150.1087073490 15.5000000000          
43.4007443345 145.5124407357 15.5000000000          
43.4007443345 145.5124407357 9.5000000000          
47.2574700467 150.1087073490 9.5000000000         

