54.4180927636 166.2451533748 12.0000000000          
58.2748184593 170.8414200020 12.0000000000          
58.2748184593 170.8414200020 6.0000000000          
54.4180927636 166.2451533748 6.0000000000         

54.4180927636 166.2451533748 12.0000000000          
52.3659719498 171.8833091163 12.0000000000          
52.3659719498 171.8833091163 6.0000000000          
54.4180927636 166.2451533748 6.0000000000         

54.4180927636 166.2451533748 12.0000000000          
48.5092462541 167.2870424892 12.0000000000          
48.5092462541 167.2870424892 6.0000000000          
54.4180927636 166.2451533748 6.0000000000         

54.4180927636 166.2451533748 12.0000000000          
50.5613670679 161.6488867477 12.0000000000          
50.5613670679 161.6488867477 6.0000000000          
54.4180927636 166.2451533748 6.0000000000         

54.4180927636 166.2451533748 12.0000000000          
56.4702135775 160.6069976333 12.0000000000          
56.4702135775 160.6069976333 6.0000000000          
54.4180927636 166.2451533748 6.0000000000         

54.4180927636 166.2451533748 12.0000000000          
60.3269392732 165.2032642605 12.0000000000          
60.3269392732 165.2032642605 6.0000000000          
54.4180927636 166.2451533748 6.0000000000         

54.4180927636 166.2451533748 12.0000000000          
58.2748184593 170.8414200020 12.0000000000          
58.2748184593 170.8414200020 6.0000000000          
54.4180927636 166.2451533748 6.0000000000         

